11294.94
11294.94
11253.23
11279.65
2549619968
11279.65
11279.65
11279.65
11279.65
jdsjdsk
11210.97
11324.80
11176.07
iioeoiowo
73885.399249226
73886.564728138
73887.832578763
73888.225341230
73888.575435121
dskdsl
3889.267531573
73890.025329227
73890.298873108
3891.494155878
gxhghxg
73891.807796805
92.551464300
73893.053610028
3894.027858345
dsdsds
73894.446086190
3895.250597658
3896.134840278
3896.484495961
sasasaa
3897.161606313
73898.545566924
898.722960509
899.421295233
3899.932742683
dssdsdssdsd
3900.765462846
901.236901477
73901.619737376
902.450028066
ssdsds
73903.113948042
73904.118525642
904.658246223
73905.474405902
3906.2
sdsdsdssssssss
78355224
3906.876790421
3907.366003301
1253.24
11210.97
1324.80
1176.07
1253.24
11210.97
324.80
176.07
253.24
10.97
11324.80
1176.07
1253.24
11210.97
324.80
11176.07
253.24
1210.97
11324.80
11176.07
1253.24
11210.97
11324.80
176.07
11253.24
210.97
324.80
176.07
1253.24
1210.97
11324.80
11176.07
1253.24
1210.97
11324.80
11176.07
253.24
11210.97
1324.80
1176.07
11253.24
210.97
324.80
1176.07
11253.24
11210.97
1324.80
11176.07
1253.24
11210.97
1324.80
1176.07
11253.24
11210.97
24.80
11176.07
11253.24
11210.97
11324.80
11176.07
11253.24
11210.97
11324.80
11176.07
11253.24
11210.97
11324.80
11176.07
11253.24
11210.97
11324.80
11176.07
11253.24
11210.97
11324.80
11176.07
11253.24
11210.97
11324.80
11176.07
11253.24
11210.97
11324.80
11176.07
11253.24
11210.97
11324.80
11176.07
11253.24
11210.97
11324.80
11176.07
11253.24
11210.97
11324.80
11176.07
11253.24
11210.97
11324.80
11176.07
11253.24
11210.97
11324.80
11176.07
11253.24
11210.97
11324.80
11176.07
11253.24
11210.97
11324.80
11176.07
11253.24
11210.97
11324.80
11176.07
11253.24
11210.97
11324.80
11176.07
11253.24
11210.97
11324.80
11176.07
11253.24
11210.97
11324.80
11176.07
11253.24
11210.97
11324.80
11176.07
11253.24
11210.97
11324.80
11176.07
11253.24
11210.97
11324.80
11176.07
11253.24
11210.97
11324.80
11176.07
11253.24
11210.97
11324.80
11176.07
11253.24
2292179968
11253.24
11149.76
11258.28
11097.23
11209.77
2292999936
11209.77
11076.02
11190.96
11030.23
11151.34
2165270016
11151.34
1
2
3
898
21
323
43
54
232
42
32323
4324
32
232
3
23
23
23
32
32
33243
3
23
2
43
34
34
23
2
32
3
43423
43343
23
43
655
23
54
57
67
234
36
5
34
65
6
435
53
4
34
2
5
4
5
345
45
4
54
5
4
54
5
45
4
54
5
4
5
45
4
54

